795
543
564
414
966
 77
395
968
975
310
771
612
801
467
246
697
658
889
319
581
 47
981
610
111
 18
 64
880
 56
560
114
666
873
584
529
573
416
853
495
868
155
592
188
490
971
684
594
895
825
239
445
759
250
772
653
149
235
406
134
139
192
944
693
997
641
470
731
835
185
 19
648
198
806
363
569
389
931
178
675
407
576
432
299
662
300
850
143
745
332
390
807
 29
848
923
861
306
948
105
814
575
167
 33
719
321
 85
515
409
911
590
925
665
667
556
318
 32
305
571
 76
834
824
609
462
315
162
385
394
182
158
570
359
709
298
408
686
479
 44
831
724
103
778
530
802
327
 21
211
404
177
322
326
344
548
133
616
 84
 92
137
265
424
713
153
107
433
 36
712
945
942
233
881
423
809
 88
787
451
205
253
885
398
837
854
492
125
647
588
723
121
119
 37
 79
525
860
767
985
 25
893
574
168
672
996
337
428
818
851
289
765
689
904
842
797
292
645
 60
635
 80
844
496
 35
 30
 16
482
 28
958
826
919
197
227
269
303
789
 24
892
 23
715
538
237
714
512
 78
908
400
978
623
819
375
281
796
284
405
349
456
288
207
843
249
946
603
469
458
660
768
513
261
681
376
 83
652
216
215
382
626
129
505
869
 93
 96
420
821
736
 13
910
565
 89
991
419
741
353
101
 58
918
350
620
857
498
954
312
347
902
311
906
961
206
151
503
296
293
417
632
483
995
865
682
180
372
126
166
252
754
 57
115
172
 97
891
229
832
102
915
263
485
131
444
862
 70
720
 55
615
972
486
 66
374
413
733
955
412
457
104
856
618
671
393
924
994
  3
499
228
541
578
 39
808
711
 69
841
474
934
905
468
774
222
680
516
309
391
 71
118
421
480
883
148
740
500
212
396
846
914
960
443
879
  9
364
 10
872
307
373
218
213
929
348
534
664
280
536
334
440
 38
999
532
606
812
277
234
190
983
625
236
735
549
278
109
521
654
259
 17
463
514
608
926
896
933
491
346
 63
258
 51
730
756
 86
208
970
221
973
646
466
755
568
579
927
459
757
295
 54
909
110
710
696
476
583
175
230
637
650
751
965
781
695
552
138
 94
335
678
916
528
585
 68
210
454
365
302
383
108
189
156
607
562
593
510
811
422
 72
378
 34
840
161
132
746
943
157
698
477
829
527
 65
243
224
430
687
888
977
174
163
397
692
 81
526
655
898
760
523
517
392
992
271
876
183
555
272
122
950
599
262
722
729
804
952
117
727
591
780
782
986
247
145
194
913
912
935
633
559
817
140
245
742
150
770
493
 53
706
434
533
377
813
 99
308
557
656
  8
839
859
582
472
285
502
922
195
747
551
567
702
900
  7
465
429
624
242
631
539
558
254
 59
 87
815
351
936
201
141
542
703
 22
 43
627
794
766
739
636
283
255
708
497
251
511
473
449
130
816
431
460
489
700
928
290
540
 15
849
324
982
123
563
 75
204
184
764
384
598
240
622
670
743
614
 50
425
561
990
520
  6
386
855
634
 20
256
887
621
537
464
651
442
726
381
136
930
596
286
877
761
214
357
146
963
803
186
959
783
341
323
209
734
238
219
758
602
294
226
827
728
613
164
903
 31
976
776
901
611
124
 11
683
822
663
120
669
951
287
316
355
418
127
279
777
940
268
 45
956
179
762
274
661
937
345
828
152
630
 95
810
 52
721
899
605
941
478
805
501
 61
676
519
953
738
461
343
438
367
 91
331
333
949
572
200
368
705
917
217
427
320
244
297
223
 27
617
225
 14
448
833
276
 62
446
329
 82
748
988
176
852
629
399
643
763
752
452
847
894
785
426
566
984
220
248
415
504
410
639
 48
749
371
165
863
969
 12
191
435
580
 49
677
638
690
800
845
987
546
874
366
967
786
773
358
159
509
716
589
750
820
897
691
657
450
586
202
  2
356
199
921
361
116
890
553
674
717
886
342
518
100
725
962
732
455
798
379
484
313
920
447
106
  5
784
436
362
 98
453
535
369
494
547
587
112
884
554
737
171
871
 41
275
659
640
790
 26
336
266
 42
993
644
  1
 73
264
577
193
 90
939
744
685
144
704
328
339
718
380
699
338
 67
388
998
170
870
792
597
642
169
128
387
858
882
694
979
301
544
154
304
753
864
506
531
791
325
231
507
830
707
974
203
673
907
838
160
402
799
779
471
147
545
679
187
 46
 40
257
701
688
524
600
601
273
113
314
595
267
282
340
964
668
196
354
481
241
628
142
317
775
980
788
173
352
604
360
403
867
793
957
181
260
401
 74
878
550
  4
270
823
769
411
522
475
649
932
619
947
989
135
508
370
439
487
938
437
232
488
291
866
836
441
875
330